25 38 91 49 17 19 98 93 72 41 72 42 34 0 39 2 99 36 3 19 7 99 54 93 1 9 27 45 29 43 25 43 43 59 98 23 54 10 34 17 68 43 58 83 82 92 20 23 0 55 49 57 91 47 89 12 66 14 42 35 22 81 59 7 69 9 81 40 24 28 30 65 92 18 6 92 2 25 96 81 65 59 11 45 89 45 28 22 70 23 29 21 51 99 82 53 19 70 27 98 
52 33 75 28 22 51 3 61 78 47 50 76 32 77 4 27 33 22 48 79 25 88 26 87 60 98 20 23 11 43 49 46 78 84 68 98 7 93 66 66 9 9 50 35 99 57 8 27 43 77 36 12 46 84 28 65 40 49 77 66 99 91 89 52 33 90 21 67 63 46 74 63 21 71 5 56 74 38 95 86 58 87 60 7 87 43 96 35 76 1 35 91 9 63 17 29 98 26 22 91 
14 38 67 92 84 71 2 66 35 48 34 90 35 0 33 26 38 27 48 61 68 41 56 76 67 38 1 39 10 81 40 26 15 58 45 5 95 46 41 57 93 13 52 13 54 71 10 19 24 45 2 92 4 34 12 31 6 46 63 96 55 79 86 60 28 46 5 42 1 83 34 21 63 6 41 5 47 65 59 44 40 72 2 50 24 80 49 62 89 11 93 94 10 55 53 81 83 37 38 88 
36 36 70 83 66 34 86 4 98 85 61 51 52 2 83 84 55 90 1 79 58 82 75 43 2 49 40 41 13 88 28 77 86 1 48 33 54 18 34 28 11 76 39 62 62 87 81 51 78 49 4 53 83 63 51 1 45 10 95 92 89 46 24 26 92 19 49 24 54 45 25 43 45 90 29 60 75 72 20 93 93 80 76 88 9 81 27 78 41 94 42 18 85 52 33 68 82 98 27 48 
60 21 31 32 77 54 43 61 99 25 61 68 88 48 47 23 48 57 38 97 43 96 18 68 75 1 27 53 68 93 20 90 38 10 81 59 3 32 10 49 78 37 51 14 67 61 92 60 84 34 13 98 59 89 70 24 40 14 35 43 82 29 72 0 21 1 71 72 75 33 66 72 60 89 70 21 90 30 28 2 0 13 7 33 49 81 58 68 28 35 52 53 11 5 9 68 13 42 51 67 
97 5 57 42 96 88 90 92 4 43 86 49 90 17 72 42 92 91 19 78 27 63 98 43 28 98 33 72 90 0 39 56 56 3 77 39 39 63 16 46 74 29 74 69 8 95 21 77 89 43 68 0 57 26 22 24 57 87 60 66 60 36 78 31 65 56 65 7 81 69 43 21 52 88 44 59 51 55 28 6 61 6 33 13 77 5 35 90 46 61 44 61 70 69 40 4 84 99 1 26 
14 83 28 0 78 95 65 17 19 24 31 81 77 52 51 24 17 40 41 16 59 84 27 40 5 72 26 99 33 77 82 68 2 9 26 83 75 35 8 72 11 23 58 66 0 60 73 79 39 31 8 94 79 91 56 49 17 13 95 56 44 74 11 46 44 70 49 18 57 31 97 57 1 63 36 46 41 55 59 49 79 60 33 64 48 94 24 67 62 47 72 68 40 49 9 98 77 51 73 37 
86 80 97 62 27 45 85 83 31 28 49 10 75 78 35 14 20 43 70 2 68 54 39 37 31 66 98 30 74 23 3 21 15 22 51 48 70 96 85 59 23 84 60 34 2 51 3 49 76 63 74 34 94 72 78 85 79 98 24 48 8 87 70 32 48 0 15 12 74 65 49 0 89 98 23 25 35 72 79 23 11 89 0 35 41 62 61 50 97 93 2 58 62 30 35 79 76 67 90 41 
26 92 12 20 53 56 43 55 55 92 5 37 11 91 85 49 45 43 22 82 20 70 29 26 83 97 84 26 9 18 19 58 44 8 74 9 95 47 39 24 82 51 53 12 78 17 16 81 78 24 95 51 6 26 12 58 22 60 3 14 77 86 26 57 86 65 32 81 10 69 75 37 32 15 82 46 37 88 18 69 80 8 36 7 25 29 3 53 0 42 36 1 65 78 12 89 45 81 36 23 
84 30 91 92 64 6 87 57 64 0 33 86 31 81 31 81 6 54 35 11 77 63 53 61 41 11 56 10 17 85 77 10 55 41 8 22 4 36 87 75 23 20 47 69 10 27 94 57 97 49 47 0 81 96 24 84 29 40 14 40 2 76 60 32 44 23 89 28 14 42 63 82 62 93 88 84 70 83 36 62 98 75 27 48 7 9 45 76 72 62 90 95 35 68 31 60 30 3 78 4 
27 19 25 40 52 34 30 36 63 81 62 78 97 96 7 87 25 89 2 56 99 81 65 95 90 69 53 82 43 82 28 16 11 84 45 95 14 68 95 90 49 72 67 32 97 47 96 13 5 85 85 28 58 40 62 56 73 12 27 66 33 4 6 91 73 13 53 74 24 26 79 81 87 33 15 37 96 77 49 22 20 33 37 11 21 59 86 26 33 85 40 32 1 16 20 24 87 37 79 21 
78 81 56 36 7 32 26 83 36 5 99 38 14 92 3 71 40 96 83 53 50 35 80 13 7 11 27 41 99 81 10 28 92 45 16 57 43 27 17 47 17 24 88 57 67 50 82 27 59 85 47 17 7 66 27 59 23 16 57 37 90 24 31 35 33 37 54 71 64 69 99 85 61 70 74 36 94 16 6 43 5 98 50 99 62 72 90 35 81 4 25 0 12 39 53 66 23 85 51 74 
10 96 12 6 71 82 57 65 84 22 35 36 59 84 39 73 37 71 72 89 60 54 52 54 53 54 80 93 4 59 58 26 56 5 25 28 74 76 48 70 57 59 90 32 57 30 42 53 61 71 73 18 65 51 72 23 68 52 16 72 1 96 43 87 84 83 97 92 47 10 3 69 73 8 18 12 19 33 63 13 98 73 18 0 16 22 64 27 86 13 58 72 97 83 82 49 40 42 88 19 
22 45 90 52 96 41 64 72 53 61 54 95 79 0 62 97 89 0 53 54 71 35 61 47 94 74 0 4 77 52 83 8 51 88 89 37 22 52 30 89 18 25 8 6 46 33 21 20 44 61 5 56 91 43 77 62 42 33 96 40 51 3 61 78 37 81 93 46 54 96 86 53 63 42 1 17 69 44 40 24 96 52 2 85 14 52 55 38 18 65 83 82 54 47 98 31 74 44 2 94 
97 15 24 41 20 3 47 70 93 92 90 55 46 62 36 26 48 99 70 73 14 82 15 16 45 25 31 14 4 2 62 33 91 10 34 78 77 73 12 0 62 34 71 68 14 54 42 93 0 51 90 81 10 35 30 27 58 0 55 27 24 23 35 11 84 40 34 35 6 92 67 43 28 9 47 35 76 33 0 35 19 90 16 60 6 17 8 72 91 62 66 81 85 46 88 8 19 86 36 99 
67 7 33 35 43 54 7 12 24 6 38 69 21 96 39 24 53 63 71 65 85 56 48 74 57 19 6 40 18 55 78 12 71 70 5 44 94 25 2 35 38 62 93 37 90 70 47 0 92 78 57 92 11 52 86 85 31 0 11 19 31 76 66 57 19 10 27 70 74 5 81 92 17 25 79 89 82 4 89 0 15 45 46 67 15 10 23 74 82 46 46 21 51 36 59 38 63 95 83 9 
47 66 47 83 82 94 91 0 88 13 75 84 66 53 64 40 75 50 32 50 7 32 88 94 70 48 18 3 75 68 6 29 77 37 40 60 73 41 66 45 37 38 12 60 13 30 81 58 76 11 44 39 22 32 3 11 19 80 94 56 78 78 39 59 31 6 88 23 82 16 22 70 29 42 33 52 71 47 44 33 71 25 87 14 62 30 26 14 64 23 35 9 54 48 2 93 83 16 84 53 
20 72 18 82 64 14 32 68 14 80 50 77 49 85 85 99 17 19 41 44 7 61 17 62 65 43 28 61 71 4 15 80 21 72 63 85 78 98 0 96 0 83 34 2 69 35 55 99 29 31 13 10 89 68 77 27 96 3 60 21 8 62 97 85 35 49 40 55 14 97 22 8 38 45 80 16 61 46 44 36 59 5 45 46 18 42 14 68 51 3 86 35 74 36 39 65 3 50 77 28 
50 35 40 24 59 33 48 63 91 15 24 80 55 22 57 26 6 3 21 29 21 32 43 93 53 37 44 62 81 89 14 76 64 33 0 81 17 53 79 15 93 57 0 81 53 33 78 53 36 64 52 71 84 81 38 85 32 27 48 38 48 59 72 68 41 95 70 29 78 85 56 12 40 85 99 77 40 71 15 26 26 96 25 68 70 86 63 2 0 95 76 68 2 91 46 70 1 88 76 1 
3 50 40 62 39 30 13 15 58 67 88 51 30 24 52 82 96 89 19 63 53 52 51 75 93 89 45 19 67 33 16 50 32 12 5 2 4 85 31 31 1 66 93 59 41 0 35 15 30 36 85 58 51 35 57 69 58 3 87 79 64 78 6 70 97 70 38 34 13 30 63 68 82 84 7 82 87 99 12 29 64 51 17 38 62 35 39 5 89 82 70 83 25 90 28 79 46 1 0 96 
19 36 24 96 1 44 49 52 63 18 43 58 73 31 19 91 22 73 71 19 30 25 6 61 12 65 92 4 50 56 65 86 10 99 79 90 45 11 84 33 39 48 86 92 86 12 4 65 34 20 20 35 8 30 45 79 29 88 70 25 30 60 19 42 42 41 98 46 24 24 23 53 85 34 91 34 87 5 31 44 11 9 83 21 77 5 21 96 82 67 92 1 62 8 29 26 43 3 72 8 
92 96 18 8 74 15 73 0 44 62 69 77 29 64 18 61 3 3 46 39 45 1 88 10 42 9 68 72 8 88 26 5 34 10 69 58 50 84 41 94 13 77 33 46 36 96 44 23 43 12 38 70 32 47 45 11 86 7 90 43 6 54 38 7 46 63 21 96 92 29 62 32 34 48 15 96 52 10 41 92 9 95 99 48 21 84 48 12 93 21 95 3 73 49 90 75 48 22 97 80 
86 89 0 46 2 15 87 39 64 65 86 30 92 25 40 97 33 85 7 69 21 79 57 11 81 46 22 49 11 28 61 35 82 65 83 16 34 27 98 56 97 82 14 54 46 13 18 41 87 46 29 54 76 50 66 97 6 77 32 50 96 97 94 50 69 48 96 74 62 3 7 21 11 0 58 93 1 12 32 68 9 50 15 24 19 42 53 88 27 61 50 48 15 84 19 79 75 19 90 64 
42 8 54 12 38 88 44 25 50 14 94 66 25 73 63 45 65 71 99 41 61 11 36 65 64 54 36 80 28 49 74 83 82 10 56 35 78 2 26 80 65 54 96 91 32 52 60 6 48 60 90 14 92 94 72 35 63 10 26 36 59 67 18 73 73 52 40 32 66 89 56 32 41 72 7 27 98 43 62 76 86 37 28 96 44 71 40 12 16 97 12 66 38 61 56 27 64 19 78 42 
79 53 40 75 28 17 38 26 27 25 14 69 56 43 93 11 73 57 80 27 46 66 98 56 35 38 52 54 55 2 90 69 26 91 88 84 24 45 49 5 22 7 59 87 18 54 72 79 6 29 30 96 98 78 29 57 27 34 24 76 66 66 73 85 17 55 67 83 18 19 77 82 97 84 65 44 16 57 69 21 13 15 20 18 4 33 0 49 90 7 58 35 37 83 30 25 4 89 70 76 
50 8 33 70 62 9 33 70 50 44 28 55 56 38 77 39 80 2 11 80 71 6 34 86 60 68 18 27 73 23 88 18 80 24 14 18 34 94 86 79 7 49 10 67 8 78 54 90 62 70 78 66 24 70 90 96 46 5 64 23 46 20 5 15 55 50 86 5 65 38 48 1 60 14 50 39 77 37 2 15 41 56 62 51 99 60 96 23 64 59 44 79 48 26 69 19 76 46 35 42 
42 2 0 11 33 83 60 57 38 76 61 74 26 57 66 47 89 35 15 34 66 62 10 28 75 13 53 64 28 13 84 43 95 33 52 69 74 49 68 32 41 14 39 79 81 8 75 98 86 69 72 45 88 57 95 34 59 47 60 35 17 55 10 83 14 72 11 19 79 40 43 80 0 57 69 87 22 22 79 13 21 98 18 92 57 29 42 61 68 77 55 32 35 87 24 69 0 82 10 85 
67 91 69 12 36 5 78 4 17 47 88 34 60 16 69 55 51 65 4 6 5 50 28 3 64 30 90 79 53 20 43 39 44 14 36 42 5 47 22 55 21 10 50 2 5 36 33 66 68 66 47 27 47 67 1 13 66 47 81 84 45 61 33 37 32 94 18 13 98 99 54 45 12 7 59 58 97 68 83 5 25 68 49 86 70 55 22 8 62 39 47 24 83 10 0 51 12 23 62 69 
49 28 85 28 16 47 57 4 12 76 14 68 62 82 30 9 22 96 33 50 56 49 51 39 44 27 89 70 79 65 33 18 84 99 55 42 82 10 28 46 26 48 55 68 66 96 92 54 87 62 40 17 72 62 98 29 77 59 39 92 51 95 33 0 76 63 1 5 45 15 34 55 90 63 60 95 51 72 45 11 84 18 43 3 90 70 42 67 64 83 55 38 66 57 80 24 29 61 18 51 
95 59 85 98 90 89 79 62 79 39 80 38 39 20 0 83 73 68 46 19 57 30 99 41 13 76 6 60 19 28 66 99 2 42 97 77 12 55 24 58 67 76 98 54 10 11 69 48 7 97 18 18 82 89 97 51 4 44 46 13 21 89 30 44 63 7 36 59 81 45 65 25 19 29 78 15 26 96 33 40 94 4 11 1 97 71 69 34 67 32 56 88 20 24 25 72 58 70 76 76 
92 98 72 53 91 22 76 5 54 66 5 14 91 74 56 62 99 81 29 68 18 80 28 19 65 4 27 78 55 56 4 60 11 83 41 13 90 16 29 12 32 74 24 74 9 70 61 34 52 47 87 19 60 42 75 8 77 26 73 42 6 97 53 39 36 19 58 92 49 19 15 52 62 59 58 76 46 57 15 82 28 20 14 30 50 72 12 21 47 9 29 92 50 28 97 45 73 23 13 60 
16 38 96 41 21 54 4 20 84 15 17 65 63 41 43 29 96 70 39 92 2 98 89 72 17 66 27 38 28 62 49 4 59 25 40 95 89 15 84 26 92 55 75 10 0 9 33 60 94 41 65 20 5 60 41 74 17 26 72 46 45 33 43 56 34 10 62 30 14 53 88 62 94 37 46 47 52 81 8 15 92 64 40 0 89 20 68 43 50 5 78 62 70 88 98 0 49 54 54 91 
12 41 28 44 98 91 29 67 32 4 85 34 57 93 35 30 26 61 82 65 2 3 68 44 86 34 42 36 99 0 88 24 74 38 79 5 36 86 68 94 25 51 6 9 15 53 55 37 88 88 55 17 12 95 6 81 80 40 3 44 33 62 45 6 89 97 77 23 19 5 87 84 86 81 13 76 36 14 58 49 83 33 56 20 39 29 41 66 41 61 34 88 51 60 52 82 85 25 22 64 
52 30 19 61 38 15 42 27 49 52 7 94 90 15 80 44 60 63 60 85 61 46 18 81 41 59 49 94 94 91 75 70 55 21 11 13 76 29 20 62 69 15 51 28 27 79 51 11 43 90 99 60 36 98 31 49 43 59 53 84 48 83 87 7 72 15 20 60 65 22 71 2 30 57 40 43 44 28 54 55 36 85 71 78 97 82 78 5 52 39 91 59 18 48 10 49 95 16 13 54 
69 19 15 49 18 13 13 63 98 23 68 62 78 57 99 22 81 81 26 74 81 48 3 90 46 26 20 22 7 7 70 15 28 35 33 84 74 17 79 45 44 43 37 31 95 93 19 46 25 76 68 30 99 77 74 51 6 11 26 1 41 45 51 92 45 43 32 44 58 82 96 39 80 65 30 77 29 83 79 33 71 31 94 31 55 59 30 45 79 56 92 9 86 25 57 3 66 70 16 7 
50 59 99 2 4 21 78 34 45 95 4 31 63 5 22 83 92 34 18 76 13 4 12 52 79 16 71 94 1 73 18 7 82 76 0 19 81 98 73 13 27 71 97 56 15 15 95 76 69 13 83 44 95 57 80 53 51 97 17 15 35 60 61 87 41 67 92 40 51 9 35 46 10 56 75 20 13 32 58 13 97 84 95 85 14 3 11 48 13 53 0 44 20 66 1 11 32 70 42 51 
54 89 49 77 20 8 29 3 43 53 74 45 9 8 57 63 63 27 54 57 32 75 35 27 43 83 54 22 15 69 66 67 65 35 90 66 31 87 63 49 27 98 43 10 93 21 93 46 36 33 47 48 29 65 50 10 98 29 65 82 2 17 57 3 34 94 31 57 8 97 93 70 93 46 90 59 85 98 32 99 65 84 61 6 8 92 82 0 79 73 37 98 57 45 49 5 43 11 2 75 
31 48 48 43 7 65 66 92 76 56 17 16 52 68 93 29 97 6 14 40 51 50 71 94 99 91 93 88 45 17 69 26 71 59 67 74 31 80 19 89 48 18 37 26 35 63 69 66 39 95 74 40 14 78 30 78 2 28 14 96 96 1 20 35 18 52 98 4 71 43 57 50 63 81 22 94 56 35 8 50 68 55 2 39 75 69 70 38 52 78 18 5 23 79 38 7 46 96 38 42 
65 25 53 56 6 17 18 10 57 12 26 59 70 84 83 9 40 28 7 47 98 97 88 27 88 86 35 28 16 94 94 22 22 59 70 33 81 5 13 68 86 75 0 54 82 65 44 22 19 79 22 91 35 53 85 70 89 51 87 72 44 95 14 86 21 32 4 62 11 97 5 58 61 31 33 84 96 44 94 14 61 5 22 71 49 16 80 42 95 93 95 53 66 18 99 69 12 25 40 67 
10 55 8 6 37 13 25 72 55 45 15 90 82 15 43 8 74 69 57 15 46 21 89 9 33 92 20 38 45 38 97 61 72 76 46 67 1 73 37 93 93 70 42 48 2 8 82 32 4 98 80 30 50 2 28 22 23 52 97 31 9 34 52 66 14 39 49 29 14 58 92 41 60 88 12 25 45 37 30 97 12 0 54 89 50 93 97 26 94 75 27 79 96 61 43 92 8 90 67 79 
8 69 6 23 93 46 15 54 34 17 75 65 65 74 98 29 96 42 78 0 63 77 85 14 66 29 72 25 42 85 23 71 79 1 59 27 48 65 78 65 2 17 98 18 10 32 76 55 38 88 14 44 94 81 59 36 51 3 34 7 91 21 18 24 98 71 56 57 37 72 13 24 81 65 42 18 82 24 61 33 97 60 42 70 42 51 45 73 18 6 54 57 20 2 66 22 71 19 32 69 
23 69 73 25 39 44 43 11 74 40 40 65 29 77 61 38 13 61 88 57 4 83 15 11 78 71 26 13 40 44 20 31 56 64 57 66 16 98 70 92 59 12 9 13 97 52 31 92 1 88 75 80 17 41 65 88 98 48 67 82 50 2 39 63 38 6 41 5 19 92 14 69 98 45 45 47 62 16 40 28 19 87 7 70 65 38 45 90 39 59 39 7 48 6 45 97 26 19 81 72 
93 50 31 2 10 18 35 62 93 62 73 18 31 84 58 56 64 94 89 32 40 69 65 69 88 92 18 85 96 34 78 58 22 52 5 99 93 53 43 54 92 74 41 55 93 79 54 92 29 87 32 82 96 53 85 49 24 23 67 24 75 56 8 55 22 0 49 48 37 7 13 51 31 55 49 9 40 81 59 39 46 78 63 53 56 57 80 57 46 16 27 28 49 28 93 51 81 61 34 57 
16 50 34 81 20 5 31 5 65 6 19 18 5 61 4 75 88 69 45 34 84 47 66 94 16 71 3 70 22 49 29 14 59 58 37 4 6 9 17 48 17 9 24 83 31 52 70 61 80 86 84 61 99 14 9 3 1 45 81 0 75 77 29 88 77 47 3 12 4 15 99 56 21 55 10 92 19 19 37 71 72 76 82 9 26 76 43 13 44 49 87 93 2 76 26 65 8 3 83 29 
31 54 59 99 68 47 55 96 3 93 46 18 23 18 66 53 71 79 52 2 72 91 54 5 4 6 72 14 70 93 81 11 11 23 47 60 93 30 49 14 49 26 60 92 82 93 8 99 36 28 81 97 67 88 29 52 16 81 80 52 37 87 41 82 35 38 2 74 87 55 64 64 98 95 7 2 50 28 61 18 2 18 1 38 31 60 5 19 80 38 93 77 2 98 88 63 65 70 97 91 
27 15 78 29 90 68 12 41 76 20 20 82 13 70 12 48 17 70 48 88 38 76 79 7 12 9 89 4 31 19 27 74 45 46 17 25 37 36 58 80 71 8 25 27 53 91 11 1 65 23 44 9 4 13 39 36 34 80 56 94 34 74 84 71 25 51 52 0 19 48 89 6 94 41 96 53 73 18 52 84 3 94 49 60 92 61 63 46 19 81 82 86 46 47 25 78 35 47 96 34 
87 75 82 25 88 71 30 64 99 6 90 69 10 72 33 91 54 21 74 32 8 50 70 27 75 41 64 39 66 21 43 7 94 50 68 56 54 25 2 24 85 72 34 8 19 45 14 44 48 17 53 70 26 67 32 32 29 17 12 50 95 38 99 63 32 92 79 3 44 40 65 33 28 56 62 69 19 48 84 33 64 0 46 88 50 57 29 87 23 58 38 19 18 97 12 46 61 78 40 14 
98 91 81 55 96 85 41 4 48 54 81 33 32 43 56 62 15 15 64 3 6 73 12 38 51 11 9 1 9 12 69 57 71 59 64 86 52 48 35 46 62 42 55 20 14 9 20 48 3 79 85 60 66 30 61 16 30 31 62 66 11 85 49 48 45 71 66 91 6 88 5 41 11 1 69 1 47 87 29 86 88 22 52 69 91 48 41 7 42 14 55 51 37 14 21 51 82 88 86 60 
96 74 2 90 93 94 60 18 34 21 7 0 60 66 70 76 9 43 37 84 33 28 17 94 25 38 55 46 35 18 68 59 99 97 43 38 25 22 47 42 85 46 74 94 96 35 90 56 79 52 60 4 61 76 87 69 84 90 50 29 40 36 0 42 99 42 2 47 80 28 58 45 74 90 7 88 95 29 37 85 70 3 18 65 75 39 85 78 93 57 34 44 56 98 82 71 43 81 53 63 
15 65 33 64 18 3 49 19 7 18 86 72 51 15 80 25 78 72 4 27 2 52 28 88 93 30 27 1 53 13 27 76 77 21 93 69 65 90 0 69 70 85 85 19 91 97 77 83 24 36 55 14 61 10 47 99 13 97 91 87 19 22 53 32 60 95 65 93 35 54 25 75 6 84 30 3 1 17 97 54 19 67 54 45 59 92 3 39 69 78 40 87 2 25 86 22 86 60 94 72 
19 12 83 86 92 75 30 92 24 30 97 72 61 72 33 83 20 50 69 46 29 51 88 20 62 22 42 18 57 95 62 39 11 15 26 64 59 64 68 59 75 52 56 20 59 3 1 96 8 91 12 78 17 40 58 6 35 41 34 76 62 21 3 24 37 29 3 27 22 88 40 38 71 56 18 26 84 49 77 48 51 80 28 73 8 42 87 97 88 96 1 36 12 65 25 93 98 50 57 70 
84 70 23 31 68 70 19 38 55 10 62 35 84 40 6 17 99 60 22 9 63 66 79 50 73 28 82 8 98 63 92 37 34 63 68 36 90 13 92 16 11 89 95 53 44 84 33 49 39 72 19 94 98 13 64 22 59 54 8 99 40 8 41 23 17 34 71 23 28 30 64 4 46 99 0 66 39 84 53 53 29 63 50 0 74 93 81 36 39 90 10 25 34 20 63 38 90 21 77 55 
48 20 24 30 6 59 41 99 45 67 11 97 60 60 96 75 7 88 81 60 5 92 45 13 58 88 82 41 40 36 5 95 16 12 86 2 23 98 63 10 10 49 5 29 39 60 48 32 12 99 13 78 65 62 80 57 93 91 46 72 65 68 19 73 1 86 33 77 51 16 89 28 13 43 70 85 93 6 46 17 15 21 51 54 47 65 91 48 23 70 36 23 55 41 31 52 11 81 66 93 
61 88 19 74 11 81 63 9 71 44 39 8 2 39 65 37 34 84 3 74 72 17 23 98 84 58 62 92 53 93 23 75 44 94 30 6 60 86 38 1 9 94 18 47 38 64 23 21 95 37 15 27 95 19 76 54 13 28 11 85 9 80 31 60 49 59 81 78 16 7 78 37 27 89 91 12 19 58 47 56 18 84 39 59 53 52 57 57 89 66 23 59 25 83 14 34 4 47 4 44 
11 79 59 50 33 61 7 9 45 81 95 64 79 90 99 26 11 49 24 96 14 61 53 2 22 73 25 67 61 62 80 26 9 35 86 78 18 89 61 48 87 46 83 27 38 67 32 12 66 70 97 40 42 45 1 39 20 75 43 41 59 46 0 75 45 59 58 50 99 90 93 32 50 25 53 68 42 26 17 6 93 26 87 71 79 21 47 92 79 40 44 26 56 54 0 42 56 62 71 7 
41 55 20 68 46 13 79 94 60 23 78 86 95 94 38 55 50 1 48 14 94 74 64 37 62 44 93 77 86 76 46 7 65 49 5 94 55 95 28 31 13 56 20 5 83 66 18 74 70 71 71 62 95 9 0 6 6 48 38 63 79 63 34 56 10 11 56 77 25 82 29 86 6 95 54 80 2 97 27 26 74 56 96 18 16 34 47 77 8 75 71 80 14 68 15 9 35 54 89 21 
44 75 37 43 2 84 8 21 36 31 58 89 77 59 16 36 62 61 90 50 3 73 8 76 45 34 62 1 87 34 5 26 63 97 4 10 80 40 87 78 69 69 99 61 88 49 98 30 40 93 12 1 49 29 42 63 22 55 10 90 99 10 43 92 79 65 10 71 39 22 38 93 25 71 96 85 32 13 58 86 28 91 57 90 20 40 76 21 38 51 87 7 87 19 24 20 52 83 64 94 
32 63 21 80 27 84 63 53 86 69 53 51 4 38 29 29 81 41 63 59 53 35 21 72 27 0 79 36 82 14 33 31 67 71 9 14 72 17 71 9 17 49 22 72 22 11 97 42 48 77 25 19 63 75 29 85 74 6 84 41 68 47 50 83 68 25 85 39 24 97 53 9 44 54 45 95 64 42 20 69 88 0 4 10 35 30 94 94 74 24 59 95 16 25 38 96 14 14 9 26 
51 49 4 61 70 64 51 99 22 86 23 3 27 65 52 41 70 48 57 63 93 55 5 95 0 49 85 67 7 65 54 53 25 48 48 21 88 94 74 28 22 23 20 78 3 73 27 50 76 7 21 40 80 35 65 99 33 78 39 13 61 83 38 23 17 99 1 25 74 37 1 58 58 59 93 52 81 95 71 43 29 68 54 21 75 11 59 1 59 29 45 60 17 76 91 9 9 62 12 30 
60 92 25 97 32 87 50 27 41 79 36 90 73 54 12 51 33 99 24 92 98 10 38 86 67 27 85 13 79 84 20 34 29 0 84 21 10 62 57 89 51 47 16 29 92 43 88 88 0 65 35 95 69 16 86 85 86 28 7 72 44 10 93 58 18 73 97 70 65 89 80 72 66 93 21 95 1 39 61 9 38 70 16 0 29 35 49 67 76 44 85 54 24 35 96 3 20 66 24 81 
4 39 43 26 28 17 2 87 25 67 11 75 32 93 35 30 71 81 16 55 51 15 27 59 74 48 88 51 9 7 74 60 41 34 64 86 95 64 56 75 88 47 43 56 50 79 5 37 24 87 7 25 84 52 22 56 23 64 21 0 81 66 30 76 22 54 93 64 84 82 26 90 50 18 92 78 84 55 49 40 23 84 96 96 31 76 65 7 68 84 44 96 22 84 24 34 0 41 5 24 
27 30 64 96 42 81 86 12 41 15 4 93 3 86 25 42 36 83 32 78 71 4 0 73 98 12 61 32 27 20 5 14 11 4 3 57 34 23 82 9 86 95 49 48 35 1 97 50 62 4 80 31 36 75 93 6 67 75 64 72 27 81 24 94 10 78 17 37 60 25 99 43 0 41 76 19 96 94 73 56 59 51 4 96 69 38 56 23 71 36 93 21 96 32 90 8 50 61 64 28 
29 58 49 65 84 38 21 87 98 57 43 13 97 5 16 0 45 92 47 68 70 69 93 42 61 77 23 16 44 44 8 95 85 83 40 75 97 45 33 36 21 65 30 19 65 90 5 2 43 62 93 65 82 18 51 33 91 70 76 26 24 17 60 60 71 52 77 57 78 27 71 78 53 58 79 59 7 69 70 96 76 59 39 58 74 72 63 57 54 98 92 30 78 48 8 48 41 8 55 75 
22 27 72 94 45 98 32 97 82 15 87 5 64 24 67 67 1 23 42 42 26 63 75 1 41 46 20 20 45 16 3 13 78 23 18 58 90 35 92 50 76 39 48 21 26 16 48 0 72 38 74 16 47 66 30 61 74 27 41 62 8 67 4 99 46 71 39 84 16 9 59 44 55 94 54 32 56 56 51 77 79 62 94 39 96 58 52 80 58 14 94 32 54 42 10 46 82 0 71 78 
87 57 58 61 76 71 48 26 44 88 38 70 6 74 11 35 90 51 61 12 86 36 47 16 79 80 61 16 26 14 96 18 3 66 12 27 79 39 91 23 23 75 67 64 84 67 47 96 81 83 14 59 81 96 81 68 82 42 66 18 5 20 80 42 67 85 1 88 59 6 82 43 61 78 90 25 34 69 5 46 57 76 22 39 78 75 51 39 65 15 88 13 32 71 58 24 89 18 6 66 
98 19 1 39 26 76 21 74 65 19 29 5 10 50 93 54 68 56 93 80 98 77 23 75 8 90 19 3 7 28 30 71 62 35 72 93 58 10 34 8 3 93 76 30 68 78 64 51 96 32 23 77 58 25 28 62 86 78 22 47 38 0 41 94 72 17 68 22 0 75 69 9 24 81 13 39 94 24 34 62 94 71 98 77 21 21 18 12 5 38 75 96 29 77 35 7 4 66 68 7 
65 24 20 75 34 4 88 54 25 11 59 67 10 12 89 96 2 13 5 83 60 19 31 82 2 28 1 98 82 29 64 30 69 37 81 85 47 33 26 89 97 15 63 30 48 36 77 46 87 40 66 42 62 41 52 73 11 9 90 71 21 55 61 37 64 45 76 35 5 5 62 98 50 77 27 95 31 66 89 39 26 31 32 12 76 63 48 37 81 3 83 46 54 40 74 6 5 9 83 68 
66 39 76 27 63 89 94 22 4 63 29 23 12 74 3 59 22 90 7 6 8 14 55 23 2 79 63 83 54 44 16 46 42 53 29 94 82 35 5 23 95 98 45 7 5 80 67 70 72 61 24 76 92 7 6 54 35 81 33 11 1 90 78 8 99 79 56 78 57 58 91 54 20 48 66 65 0 17 13 77 17 61 75 80 65 34 0 39 13 93 66 30 47 45 6 82 56 86 73 27 
73 54 80 91 83 28 31 74 67 46 20 96 71 13 16 44 66 74 66 95 50 68 61 84 60 63 90 72 48 18 41 49 22 48 28 23 71 67 56 43 4 15 33 23 28 14 80 29 4 28 55 48 76 37 19 45 44 20 57 2 36 26 63 92 95 20 20 88 94 61 38 42 88 99 87 74 9 4 42 0 23 56 47 15 45 1 26 53 6 89 56 9 96 3 55 96 90 41 3 75 
78 17 80 45 59 95 46 78 18 94 58 43 35 4 23 93 95 71 45 12 24 94 69 47 28 12 13 5 69 40 49 21 8 48 70 54 29 90 6 45 10 36 61 88 60 51 18 89 82 96 49 26 12 86 67 17 79 62 42 27 37 0 27 77 83 41 37 75 81 65 88 68 99 91 98 90 49 23 64 98 20 68 56 31 19 6 54 8 22 33 93 66 98 66 68 78 93 93 88 43 
1 56 7 60 79 59 89 72 28 77 58 30 71 18 64 95 32 85 95 82 14 12 94 30 28 37 96 74 44 3 7 89 43 22 75 75 3 84 3 88 55 56 19 76 57 19 81 86 77 12 45 93 97 27 86 24 70 38 31 32 66 16 95 51 64 15 65 23 71 76 86 61 95 33 67 75 76 50 26 5 76 66 60 35 99 16 52 82 73 49 54 32 69 48 91 60 59 9 12 58 
75 30 97 75 43 31 47 53 57 64 63 46 94 84 21 26 42 84 25 9 90 9 77 37 21 54 15 80 94 69 8 22 58 4 1 50 41 3 29 77 39 56 36 11 63 94 71 60 24 86 43 6 71 46 66 97 12 35 67 7 67 86 14 66 13 38 16 70 23 56 52 71 24 95 30 94 87 47 46 83 3 75 60 72 76 50 23 3 12 94 56 5 52 38 45 94 61 78 29 83 
34 55 77 3 90 89 80 25 70 51 15 90 53 86 7 6 99 94 7 68 15 44 69 70 87 97 17 57 31 5 80 41 86 56 62 25 10 53 26 99 19 8 68 89 2 89 61 42 2 49 6 50 35 72 7 27 49 24 2 25 50 81 50 57 27 6 58 6 40 11 92 39 16 3 64 40 36 64 73 75 18 37 73 26 37 71 12 2 85 3 5 81 93 70 98 9 41 74 49 60 
20 61 11 75 7 55 84 51 54 64 75 36 19 10 83 84 72 41 42 88 45 45 89 21 51 16 61 46 15 87 8 52 82 72 94 62 8 98 42 78 43 17 12 19 77 5 45 1 82 93 29 10 47 14 15 97 9 62 21 77 11 66 38 98 73 27 98 24 77 60 41 61 80 90 39 19 68 54 89 95 57 71 83 22 16 4 2 70 67 32 72 80 19 50 8 95 62 7 22 85 
5 30 85 52 25 92 20 96 3 44 81 39 10 36 98 14 76 92 30 18 13 55 22 97 71 8 72 53 5 75 46 65 15 84 71 92 26 38 99 74 68 20 77 22 5 84 6 72 23 53 79 38 87 67 49 2 69 64 56 2 42 29 26 52 76 53 86 31 82 53 69 46 77 17 63 43 94 50 21 86 56 81 86 7 16 11 87 5 48 61 7 85 37 46 99 98 84 61 87 70 
14 65 61 66 55 28 17 53 80 47 33 39 44 28 50 15 82 36 72 9 83 7 70 93 33 5 44 56 79 94 16 62 31 13 88 91 25 68 51 22 25 27 77 14 24 39 99 7 83 69 22 54 83 31 52 36 35 30 54 40 32 86 51 37 91 41 4 41 85 14 31 29 67 49 70 97 38 14 90 72 39 75 35 43 60 17 17 69 64 51 95 3 21 69 96 13 74 71 15 73 
29 30 91 41 75 13 67 3 30 12 74 17 60 93 82 14 66 45 62 32 89 69 17 58 56 96 81 84 14 24 65 1 94 3 22 72 97 92 40 48 50 14 27 29 1 68 52 66 52 77 78 81 9 99 48 87 90 10 32 32 29 71 12 15 84 45 45 17 36 2 38 76 12 27 26 14 77 56 71 3 7 8 81 52 3 55 54 4 39 49 4 52 93 49 26 61 71 30 43 20 
18 30 51 35 6 80 70 23 53 84 18 58 24 20 19 65 34 97 53 52 26 66 14 20 96 45 55 57 35 79 92 45 49 5 53 69 54 28 91 60 81 53 78 93 97 49 65 88 59 26 41 10 77 15 5 32 18 9 89 18 87 83 96 33 62 98 60 23 48 48 45 41 1 6 81 9 58 29 90 73 82 14 84 56 86 0 81 60 93 73 66 23 44 44 92 74 5 86 99 71 
22 76 53 34 36 92 6 2 45 9 23 84 63 40 36 29 18 21 43 32 4 6 69 86 94 98 71 45 45 53 74 90 75 3 62 87 0 2 37 1 24 4 90 6 81 29 56 73 41 28 53 52 54 20 91 54 25 2 25 34 8 22 69 21 6 14 49 32 55 33 43 32 41 79 45 33 2 40 53 28 27 36 1 76 72 30 35 35 65 0 71 14 68 61 13 2 92 80 48 81 
54 25 99 24 70 29 36 14 76 10 42 98 83 47 39 44 98 65 53 73 73 99 20 39 86 8 81 7 73 2 62 66 69 53 61 70 28 68 73 46 76 15 19 55 18 53 78 40 32 20 37 76 18 92 80 47 10 44 21 38 61 67 80 95 87 73 30 61 62 4 26 3 62 6 24 71 16 40 26 37 25 72 60 52 0 30 88 88 44 56 98 33 39 20 60 97 90 10 49 52 
30 34 31 15 42 39 10 14 57 45 51 49 78 65 41 10 27 26 39 0 40 6 87 27 60 97 17 14 4 0 42 69 18 46 78 89 15 15 40 52 97 3 86 13 52 22 41 52 71 43 25 62 73 94 4 88 77 93 63 40 14 50 10 99 55 19 93 16 66 38 22 54 92 67 54 10 21 3 98 51 43 74 99 10 36 97 81 15 15 56 3 45 92 41 32 62 37 90 23 6 
99 87 9 18 33 20 43 6 13 78 34 76 61 67 76 23 13 66 95 42 69 31 4 87 58 29 32 78 96 82 17 46 70 83 32 9 17 28 34 15 82 56 77 97 7 93 64 35 68 91 65 32 70 82 62 4 23 45 46 99 35 16 46 8 91 22 0 60 12 19 2 0 62 88 1 84 2 81 35 21 88 69 56 85 85 96 2 86 16 25 87 9 28 99 78 80 57 35 67 97 
18 46 19 5 75 63 92 99 70 18 54 13 15 38 43 93 19 90 6 0 54 14 14 92 81 28 9 62 86 66 99 54 75 85 17 25 31 48 50 80 38 81 48 19 7 46 82 89 44 0 25 98 3 32 96 96 7 27 32 10 80 32 71 54 90 99 57 38 90 81 13 21 4 37 74 68 77 45 5 95 72 53 96 16 87 34 15 1 90 75 66 88 28 89 8 25 44 81 62 67 
70 6 71 88 34 79 79 66 25 62 57 40 15 1 57 70 48 57 97 24 77 9 24 81 42 0 41 26 49 42 81 88 38 12 55 12 29 54 43 38 3 29 25 48 56 21 39 24 80 5 14 7 94 56 81 19 13 38 14 83 25 55 93 57 81 59 42 85 33 71 38 24 50 91 77 44 49 45 35 62 32 61 13 95 63 1 41 51 27 46 84 51 92 48 38 14 76 14 87 3 
17 26 65 13 91 28 26 50 16 96 63 12 4 45 54 1 45 55 68 42 18 77 85 54 41 40 48 80 83 86 54 58 31 38 19 75 7 63 27 24 82 91 74 54 84 86 45 31 4 15 91 66 75 26 96 12 34 39 56 25 82 58 23 10 89 88 92 32 92 61 80 16 42 65 77 17 80 88 66 63 7 73 97 57 38 26 74 13 33 14 17 34 8 19 83 15 76 75 37 50 
66 25 2 48 98 83 78 75 19 94 82 68 60 8 34 53 70 17 21 10 71 57 51 76 14 33 1 65 80 28 65 83 3 32 48 7 48 97 76 57 47 53 65 85 1 92 14 16 85 14 84 53 87 79 71 69 9 71 22 81 29 62 84 30 57 69 86 9 33 82 31 4 66 24 65 56 7 55 10 53 49 74 87 27 87 89 20 11 51 45 68 17 14 18 67 74 73 61 65 69 
61 43 68 38 60 40 44 48 90 14 22 56 51 92 67 48 13 83 34 84 52 72 9 26 68 28 40 13 15 8 43 41 8 67 70 69 71 72 45 33 34 48 44 61 99 5 71 33 79 12 10 86 14 48 93 97 60 79 2 26 35 17 91 68 90 38 13 16 58 1 53 11 58 55 34 59 85 92 59 60 99 20 43 63 23 4 42 44 91 52 2 45 1 36 22 34 22 62 42 82 
0 15 63 18 52 95 75 20 56 2 68 11 93 44 53 77 17 49 58 21 4 14 58 14 4 55 30 83 93 37 55 57 62 5 51 86 6 49 84 63 46 63 13 29 83 76 89 7 22 31 93 75 42 62 13 25 53 67 54 60 95 47 19 40 32 76 37 47 17 89 63 57 73 38 54 61 95 95 62 9 82 37 33 53 52 79 72 90 12 11 74 75 52 5 87 51 46 35 86 34 
17 78 87 52 78 3 64 49 91 46 76 63 99 63 20 73 51 74 69 2 97 29 87 73 96 15 49 54 95 99 41 41 5 4 17 81 20 72 58 68 1 88 99 57 56 14 33 78 59 10 30 31 44 37 64 26 90 32 52 1 61 59 22 65 23 45 11 60 77 30 32 94 94 46 60 31 24 34 1 80 64 80 15 70 72 64 22 11 76 8 5 20 6 44 62 35 9 67 24 54 
83 76 90 99 73 96 82 9 60 6 59 91 94 64 71 24 95 6 55 66 88 85 10 27 83 62 4 9 8 30 4 41 56 76 85 91 80 41 82 63 12 23 59 87 76 97 46 79 3 2 37 97 3 24 33 50 60 56 36 81 68 51 28 19 66 42 12 38 93 73 39 78 8 84 61 76 12 76 80 73 49 69 20 6 68 16 70 34 64 78 95 41 4 69 99 62 5 23 44 48 
25 45 29 56 99 94 38 34 68 52 41 92 96 90 66 67 65 71 40 73 5 57 56 15 74 49 85 68 87 11 0 53 92 29 84 18 22 69 73 65 16 2 26 38 70 62 17 47 44 93 59 8 45 93 75 26 64 79 79 75 6 69 44 57 50 24 73 29 70 28 63 77 66 58 63 26 9 52 24 46 62 43 7 68 1 93 21 25 3 70 4 45 16 6 16 61 86 51 83 71 
49 67 46 7 29 78 66 87 43 73 52 63 75 37 21 55 45 6 41 70 87 59 44 49 87 65 37 63 62 26 70 46 23 87 8 57 84 77 21 7 18 5 76 0 47 18 36 95 33 56 23 80 80 5 75 11 8 3 70 28 4 48 15 64 10 0 81 33 52 61 35 81 98 39 48 88 6 83 48 27 72 38 3 39 54 25 74 67 90 43 59 89 49 13 92 23 12 21 36 65 
85 23 13 21 9 40 68 23 87 23 13 70 27 88 30 31 80 63 8 41 31 90 57 9 29 74 76 70 51 7 92 91 75 86 54 55 53 79 13 1 95 83 16 94 47 19 95 8 67 14 6 33 13 51 63 79 51 71 64 29 37 58 84 73 13 59 50 63 92 69 2 51 70 34 73 86 66 51 67 51 27 2 59 63 5 12 21 33 25 3 82 80 30 77 49 81 1 9 57 1 
4 29 36 99 88 5 54 78 40 39 61 6 8 72 87 31 31 90 52 26 93 27 21 79 48 44 13 74 33 29 60 14 90 88 58 38 97 48 65 22 79 52 69 54 29 64 2 21 67 55 23 85 72 58 98 2 58 48 3 84 50 67 2 24 1 45 24 60 44 70 69 82 9 30 63 43 12 69 49 98 9 75 78 36 46 33 56 73 15 13 32 39 56 30 24 72 11 10 34 90 
18 40 27 74 79 51 92 82 79 8 63 8 36 97 73 2 3 79 3 28 92 42 19 98 94 14 56 47 10 28 1 82 8 45 89 26 57 74 15 81 27 89 76 17 21 38 9 71 66 17 71 59 53 76 32 92 78 8 32 51 79 93 12 94 71 70 41 55 63 93 40 50 52 42 81 67 16 94 33 99 64 23 93 66 10 98 16 42 54 56 76 74 14 33 71 44 38 50 91 83 
73 77 48 32 54 94 33 56 97 96 34 6 94 96 92 38 30 65 57 41 43 93 2 82 67 51 91 22 40 50 78 91 46 69 34 30 4 59 48 58 92 20 46 45 22 29 52 41 2 73 25 77 1 12 60 29 9 28 94 11 80 22 34 4 96 54 6 54 43 6 71 67 16 48 52 66 84 1 54 60 99 93 32 42 84 65 25 14 66 80 19 31 27 41 87 64 57 55 12 75 
79 66 41 58 35 33 41 54 22 53 41 60 47 69 33 21 87 55 34 52 80 34 43 61 93 43 94 61 13 73 85 29 60 24 22 86 71 74 51 94 10 80 49 23 26 22 32 36 76 50 50 41 84 90 60 55 86 85 38 1 74 11 64 52 34 55 47 93 64 40 29 64 97 3 43 15 2 12 5 4 85 71 65 64 26 21 73 92 21 51 31 74 99 86 34 48 89 96 2 66 
8 42 99 81 95 98 82 47 29 2 81 46 51 98 68 49 9 43 31 52 16 12 81 15 31 82 26 17 12 2 42 41 50 66 2 90 60 68 54 47 45 37 27 76 81 66 73 72 27 75 25 83 25 65 89 79 39 94 80 91 96 90 44 6 21 68 17 38 80 70 8 94 76 97 23 12 53 36 27 97 86 50 95 62 37 30 19 68 7 91 52 2 69 32 18 29 10 17 72 68 
78 87 55 14 66 69 29 69 13 59 31 32 83 67 89 31 48 86 61 65 7 48 71 50 31 91 31 27 21 17 39 90 51 60 99 50 17 17 82 27 79 44 55 69 2 7 68 35 86 1 69 38 30 82 48 31 82 88 47 66 82 51 67 47 63 84 76 58 12 78 66 97 69 23 90 17 42 18 71 14 50 68 90 3 90 16 4 6 61 98 27 95 4 40 52 79 50 16 79 46 
54 96 3 61 39 19 96 30 97 59 82 45 45 3 32 56 49 15 69 37 41 26 90 47 21 43 64 94 48 31 31 70 4 54 67 94 51 44 22 81 73 62 62 98 75 45 68 45 60 50 89 18 2 95 84 64 15 33 57 32 33 2 85 67 38 45 9 72 0 71 47 59 31 1 18 47 84 27 29 99 27 67 52 7 56 22 86 11 27 18 26 29 48 21 19 91 88 68 54 39 
