56 66 2 30 89 23 79 66 74 78 51 64 58 57 56 21 59 78 20 63 40 36 50 65 68 93 88 49 45 19 17 2 42 16 11 3 66 36 57 47 43 53 95 95 50 27 82 97 3 71 90 14 58 24 1 70 27 44 93 14 8 28 5 75 29 23 32 77 45 45 50 83 26 39 28 81 13 9 2 9 99 94 67 10 91 31 3 18 13 99 95 4 46 34 19 57 5 16 12 6 
98 24 52 93 60 56 82 79 64 23 88 35 88 19 63 81 53 72 6 61 98 69 11 65 68 8 35 4 30 75 27 57 80 25 31 27 50 17 53 98 67 95 61 78 14 41 83 66 14 4 34 52 21 95 80 35 34 94 46 37 63 43 46 10 72 77 33 4 70 86 98 96 10 55 80 42 89 81 95 57 24 54 21 5 92 40 6 24 24 13 19 42 70 48 67 64 38 80 20 72 
96 90 0 47 65 75 53 95 97 46 25 90 24 27 17 1 57 25 22 34 70 25 66 72 85 83 49 1 26 37 59 11 46 10 3 70 59 4 32 41 22 37 99 57 77 34 14 89 65 26 51 8 59 61 80 12 45 24 13 16 39 32 67 37 2 85 15 4 38 94 50 48 55 81 68 26 61 92 14 16 68 10 49 41 96 62 96 44 57 42 9 21 71 55 34 94 86 12 73 35 
0 72 46 80 53 91 45 17 10 29 3 93 89 37 1 47 41 12 62 54 67 98 12 76 28 99 35 62 20 78 5 66 66 74 41 5 12 7 36 66 77 8 5 98 86 56 46 17 38 30 71 21 53 75 95 26 7 35 83 49 64 96 1 13 71 10 65 19 64 24 12 89 34 37 58 74 21 75 60 95 87 80 58 25 33 82 56 93 92 5 40 68 16 34 51 44 45 62 28 86 
44 31 70 54 41 98 48 28 59 90 7 69 39 99 39 81 25 19 93 86 19 29 45 57 75 15 66 75 62 86 86 35 58 71 68 41 10 76 66 6 0 19 52 15 32 31 74 99 53 73 94 61 7 96 14 93 44 92 23 2 56 47 70 28 44 13 61 51 40 2 21 79 83 13 82 21 24 59 68 58 11 60 9 59 1 74 44 81 96 4 24 73 77 84 56 91 15 48 29 26 
16 78 96 51 50 70 50 91 60 44 4 66 25 18 52 98 30 2 6 59 39 48 3 84 61 42 0 82 51 93 17 0 10 12 19 30 75 51 66 14 3 49 43 67 65 4 63 84 39 25 20 33 52 47 88 12 70 41 71 63 4 56 28 79 14 89 98 84 75 7 9 24 39 15 24 2 29 77 76 67 67 98 47 38 53 46 98 19 10 72 43 21 25 32 62 93 72 69 86 18 
98 10 76 6 2 90 63 41 58 6 89 49 33 50 62 9 24 49 49 47 47 72 75 79 39 77 80 17 15 79 78 98 0 94 33 29 85 93 24 93 59 30 62 81 76 16 85 16 55 47 53 86 31 80 68 27 7 37 5 42 60 95 83 25 1 80 39 7 64 20 80 26 10 3 45 62 93 37 44 58 35 92 51 46 31 45 68 84 90 13 85 42 80 95 19 0 96 15 14 6 
35 40 14 81 93 41 20 6 64 65 52 67 95 93 42 81 70 59 98 38 55 0 68 40 96 0 52 53 14 1 71 72 82 97 58 24 93 49 98 44 57 23 24 75 98 82 54 97 26 81 27 73 5 80 59 40 87 37 26 18 87 66 88 3 72 38 21 25 30 23 48 56 56 8 29 78 11 14 11 49 93 83 70 73 11 29 61 30 16 40 91 53 19 95 36 78 62 24 18 82 
28 14 69 2 36 59 42 40 39 70 34 72 20 78 83 90 50 44 3 46 66 53 49 92 14 64 12 57 96 51 17 29 47 3 89 94 58 89 83 21 54 86 67 52 11 82 38 36 34 17 8 40 6 57 76 25 47 4 14 16 2 58 59 65 50 89 28 24 66 17 52 17 68 25 52 24 86 22 16 95 43 91 64 44 92 76 58 82 63 72 93 15 60 57 31 85 38 29 71 69 
60 4 26 85 61 3 91 36 89 31 8 12 65 70 83 79 68 41 33 86 78 15 2 26 73 37 97 87 15 75 29 51 60 49 96 51 80 97 83 56 79 80 86 1 51 52 42 71 29 89 8 97 76 38 52 9 31 22 69 66 53 98 42 43 5 97 26 40 47 75 53 96 73 54 67 71 94 51 44 5 57 99 8 39 45 37 83 68 72 83 0 50 28 95 43 70 53 28 97 41 
84 92 87 88 3 5 10 67 54 11 53 78 54 24 32 64 8 95 27 23 25 93 58 63 51 21 95 34 14 97 64 8 84 29 3 45 93 96 87 32 31 65 98 32 41 24 60 64 95 56 85 14 37 67 53 33 7 52 23 89 57 37 95 31 74 94 9 93 15 64 15 73 57 68 98 65 94 98 16 91 0 90 76 26 10 98 7 16 80 26 77 37 29 83 71 61 88 77 44 77 
96 84 89 32 67 37 37 51 41 54 69 65 92 50 56 25 98 14 87 37 58 69 39 96 72 80 47 85 28 37 40 58 85 40 81 80 39 76 92 52 29 41 98 70 6 87 70 96 6 54 73 82 1 61 48 1 8 15 95 53 63 80 93 6 46 26 44 88 79 12 2 7 59 15 27 59 52 6 61 40 62 94 22 8 69 47 77 31 15 45 60 84 37 43 92 51 35 4 73 30 
68 66 67 40 19 71 61 78 68 70 97 4 78 87 33 68 61 22 89 20 91 6 69 90 94 81 51 27 24 14 40 73 21 45 16 58 49 14 47 45 4 97 79 51 90 29 22 80 10 44 76 83 84 69 90 23 82 11 21 60 72 37 33 53 60 54 39 15 77 88 77 6 42 67 98 63 13 83 46 29 20 22 59 80 0 83 7 27 84 40 39 85 25 93 49 70 39 81 23 82 
14 76 56 43 98 13 42 35 88 58 8 68 67 62 20 91 61 3 77 82 53 29 7 90 49 77 95 92 83 9 77 79 62 38 31 30 98 95 28 74 43 2 20 76 26 56 5 8 45 26 7 68 49 1 56 42 97 21 92 51 88 10 11 7 7 39 62 17 64 28 99 78 86 69 11 36 47 24 50 11 46 19 46 25 96 33 43 59 73 39 3 44 54 13 60 16 54 55 58 11 
94 53 59 22 53 58 48 62 76 4 22 89 49 95 52 34 26 93 87 44 68 77 40 1 13 74 88 7 31 97 30 88 18 65 76 94 59 71 15 1 34 99 49 16 53 70 67 33 38 40 4 41 63 59 87 51 4 68 56 28 13 22 10 55 37 53 79 2 78 17 5 97 45 95 55 49 84 3 7 31 34 90 34 86 55 18 13 23 68 64 15 12 38 89 3 86 22 29 91 70 
32 15 20 94 68 9 57 61 48 58 66 1 88 53 50 56 94 89 61 75 17 21 81 1 20 3 91 88 15 96 29 3 34 90 15 36 65 76 66 38 42 44 86 13 41 90 83 81 84 53 51 69 31 24 63 29 32 7 73 33 58 78 39 51 47 41 79 31 2 24 58 86 14 5 51 9 40 24 26 38 51 62 52 27 94 77 0 2 66 50 54 90 68 60 63 51 89 9 22 87 
48 7 34 55 32 96 55 88 99 1 33 23 6 43 75 75 93 11 92 86 65 24 20 93 93 18 37 92 98 5 91 76 75 67 25 47 83 46 8 53 4 89 22 45 44 97 8 36 18 15 64 51 31 60 34 47 53 47 55 68 95 87 50 7 91 4 87 13 9 23 61 6 44 17 5 26 82 31 55 30 95 68 75 59 10 99 36 52 71 4 11 1 60 80 72 46 39 75 9 16 
4 70 79 14 75 69 84 44 24 94 93 44 89 71 5 49 75 84 15 73 9 37 93 85 21 54 76 34 36 28 38 74 81 35 37 41 61 84 97 85 25 10 13 32 63 19 3 77 50 4 2 76 93 13 79 38 94 53 90 72 99 2 50 50 8 43 55 87 98 63 72 23 63 6 52 13 55 61 40 47 11 86 69 59 92 60 15 19 82 92 91 94 50 57 81 56 4 26 66 16 
85 93 63 45 0 22 89 71 3 72 84 15 89 31 41 16 6 63 5 75 74 64 30 70 9 51 64 88 79 55 76 88 95 23 92 87 85 99 48 23 85 85 99 81 34 83 49 45 74 98 79 68 46 65 71 95 74 57 94 22 55 43 75 99 68 56 38 69 54 93 33 83 10 88 10 33 80 21 1 72 6 64 67 41 94 33 91 36 7 46 92 18 13 41 31 77 48 21 42 22 
95 27 61 0 61 60 68 3 20 6 22 27 80 50 56 50 98 51 9 91 41 40 40 84 21 78 51 15 47 2 7 0 84 34 87 86 57 74 22 75 93 65 75 65 77 71 63 39 29 69 57 23 80 55 52 13 62 22 59 3 48 74 29 34 80 21 20 54 17 21 78 14 65 38 40 78 81 64 35 64 73 48 80 92 96 32 0 43 78 80 23 67 4 6 68 37 0 37 38 82 
35 54 42 34 82 71 73 58 48 24 76 97 72 23 28 26 65 35 83 64 91 68 20 29 40 53 13 75 12 2 71 48 69 16 78 32 14 14 75 93 1 5 54 26 87 71 40 85 34 83 65 78 82 8 73 11 77 96 43 57 36 79 91 26 19 72 80 21 15 27 57 3 1 48 66 56 65 71 57 61 17 89 2 74 15 97 50 99 82 6 71 47 80 68 12 26 51 46 2 28 
61 79 44 12 13 87 71 37 76 48 1 46 68 20 15 21 74 42 32 83 86 48 99 90 71 51 32 86 36 53 28 28 46 10 71 36 34 46 17 6 70 65 7 28 40 37 14 2 99 16 10 14 88 74 29 8 22 41 22 48 45 61 32 83 84 35 18 28 71 8 89 12 56 95 87 31 92 23 46 84 13 74 84 7 29 59 89 79 1 65 67 83 91 3 24 68 45 11 9 38 
95 10 26 89 26 14 98 76 54 19 8 85 93 42 2 48 49 71 65 25 28 53 30 27 86 63 35 2 47 65 81 83 49 83 32 51 28 41 75 81 88 89 2 68 3 52 25 20 60 3 11 88 75 45 51 52 46 17 62 63 31 2 81 12 14 80 40 96 62 5 31 68 95 88 51 13 95 46 20 3 9 35 71 54 1 54 15 90 22 99 60 70 24 65 69 71 38 77 73 38 
79 1 56 19 15 28 80 84 36 69 4 77 82 43 19 29 20 36 20 45 39 36 81 27 40 7 50 42 41 77 55 36 52 42 20 20 88 15 0 93 20 79 36 90 97 53 57 32 98 82 9 81 22 6 5 86 45 88 3 67 11 73 67 38 73 39 38 85 90 6 23 32 21 72 88 50 79 88 80 99 52 28 31 98 65 17 73 51 92 3 24 60 39 44 19 0 22 81 35 32 
0 88 89 45 36 16 40 38 88 58 49 46 22 20 88 28 32 99 20 39 21 96 18 96 54 99 18 34 31 0 82 72 71 35 95 24 13 22 89 28 88 99 15 41 67 35 55 0 29 37 79 48 92 12 99 19 88 1 97 96 83 63 59 85 87 11 72 78 56 6 38 61 10 36 58 32 96 0 52 76 90 10 40 27 49 7 66 68 77 39 50 26 52 83 27 82 40 9 9 61 
20 29 7 14 91 21 54 51 78 13 12 17 25 19 57 8 91 77 20 85 89 56 68 48 60 75 25 9 54 73 20 78 46 55 21 57 71 57 8 78 27 10 78 52 44 59 46 4 3 20 15 41 68 89 36 98 20 0 69 9 24 42 55 54 99 23 23 64 94 13 19 41 15 72 6 71 60 76 82 77 25 51 46 8 89 66 64 64 27 89 51 91 51 77 54 87 25 14 29 37 
36 41 12 20 0 51 97 68 92 10 36 5 81 52 54 59 65 34 62 15 3 83 12 61 3 97 51 35 24 15 4 82 13 87 9 8 93 6 62 98 94 94 43 15 83 79 89 92 16 2 66 69 14 93 3 92 52 11 76 61 86 55 19 66 44 54 28 15 89 6 89 84 20 16 28 14 26 66 17 12 94 69 38 27 85 44 52 24 74 86 88 84 85 1 62 56 18 36 45 31 
41 58 47 16 99 19 49 96 32 50 78 51 54 56 36 38 60 28 0 61 12 79 40 70 82 62 30 22 91 18 66 30 49 11 82 13 27 8 22 68 35 14 91 78 26 10 84 1 35 16 98 8 48 6 47 34 57 58 98 27 27 39 93 70 4 21 85 95 36 42 25 50 91 39 20 55 36 0 24 95 94 49 75 99 0 70 17 72 78 76 86 3 21 32 54 21 84 83 57 14 
29 38 32 50 82 92 9 48 17 54 70 86 4 10 5 36 21 68 23 32 97 80 58 46 75 20 39 5 83 69 12 54 12 3 78 52 35 71 79 19 5 91 25 17 22 92 10 53 3 87 27 6 21 12 59 88 27 84 66 25 50 56 9 99 27 38 60 96 65 52 61 98 39 52 22 15 24 58 54 16 5 4 92 74 11 49 76 21 82 59 82 65 89 96 85 97 51 63 32 30 
77 84 31 12 29 68 88 58 6 81 75 88 93 18 39 60 79 10 42 74 52 42 64 61 20 16 86 97 36 93 84 90 27 59 45 20 85 31 79 5 16 41 31 69 97 90 86 8 25 57 99 73 16 17 11 29 19 13 6 77 97 97 64 92 59 72 4 16 88 55 44 96 21 89 85 86 90 67 76 43 33 22 5 75 24 59 23 1 13 30 17 50 24 2 43 69 64 28 51 91 
58 10 93 55 11 54 82 37 76 58 81 67 10 82 60 5 62 69 24 25 19 12 65 61 7 29 61 67 64 6 43 1 14 24 37 54 60 3 9 81 98 91 38 73 82 53 74 53 19 70 3 65 37 83 80 20 7 17 82 83 21 59 47 2 82 50 41 82 29 45 98 78 2 53 74 98 27 22 5 41 23 43 7 33 87 70 66 5 56 67 67 30 28 79 75 50 20 32 35 41 
65 63 29 52 38 57 81 92 42 54 21 87 66 27 49 58 45 41 73 54 85 3 3 2 93 1 83 97 61 69 42 84 70 46 55 63 91 38 44 29 47 52 68 49 15 83 63 14 70 78 63 9 68 4 6 9 8 65 76 63 73 86 82 48 62 89 79 0 81 89 42 24 45 29 36 10 8 66 51 30 43 26 76 77 75 10 53 78 88 52 65 33 56 30 36 79 18 1 46 85 
36 25 83 44 93 36 96 21 11 17 41 15 64 80 62 61 19 83 51 80 2 54 43 25 18 42 11 15 62 90 10 39 15 23 40 39 72 66 61 0 37 40 55 23 53 70 51 99 44 72 0 77 38 30 44 20 2 49 11 34 74 43 9 83 83 79 40 40 76 51 22 94 94 90 43 96 50 68 82 30 34 60 60 4 0 53 18 3 21 40 69 2 22 85 23 35 77 48 79 27 
57 66 83 19 97 16 53 89 46 23 44 86 40 41 92 53 52 67 57 52 91 91 8 30 57 51 74 13 30 43 41 64 17 60 93 23 32 93 55 5 23 55 64 35 88 11 43 24 37 54 63 81 64 69 52 49 52 14 68 35 53 67 79 95 14 52 78 82 17 82 87 98 79 55 18 77 0 15 62 73 93 77 54 68 96 34 81 1 99 89 49 51 89 81 0 80 58 39 8 44 
77 39 12 35 99 95 26 13 5 29 24 0 34 66 22 27 10 36 8 81 78 65 11 40 49 36 45 63 11 24 67 86 72 7 87 36 55 17 21 37 3 12 61 89 37 94 73 97 3 80 5 97 21 38 24 17 86 73 44 36 22 84 50 82 65 54 31 1 6 2 42 82 61 20 73 9 94 76 89 90 7 65 2 73 11 11 71 64 52 91 96 40 94 70 93 9 58 73 92 10 
97 9 13 76 17 99 53 38 48 1 65 14 22 77 65 17 54 29 77 56 3 47 86 97 17 75 80 8 49 48 46 95 93 68 99 80 13 47 20 9 33 28 42 73 88 60 81 17 8 7 81 5 99 21 68 80 97 95 76 49 15 86 98 4 76 83 43 20 26 24 22 3 35 62 35 43 8 19 2 77 50 74 31 55 35 16 21 10 99 5 52 74 64 84 11 65 86 35 1 58 
4 47 4 46 59 78 40 92 32 14 41 54 79 25 23 14 45 29 17 89 35 18 92 85 8 97 14 91 81 8 74 17 30 23 1 20 61 93 33 60 2 92 73 46 77 37 30 22 95 11 93 39 9 53 93 20 94 70 25 8 4 29 37 20 58 81 81 47 88 67 63 15 3 97 99 6 50 53 67 19 25 71 12 90 40 7 30 14 44 75 98 58 18 67 82 25 78 45 5 73 
70 95 29 25 90 59 81 3 19 98 99 14 77 76 98 64 38 48 87 34 76 3 9 99 40 61 78 19 51 58 28 21 25 86 72 58 85 68 81 51 64 32 96 73 30 83 71 24 29 51 96 82 83 38 96 73 74 28 68 90 5 57 34 31 58 83 10 47 14 68 51 84 45 90 12 37 63 8 48 18 94 0 98 89 61 58 29 2 75 23 44 90 40 69 35 26 57 75 9 90 
6 32 5 80 14 49 43 7 61 22 68 78 33 52 48 87 37 24 67 92 21 43 42 39 60 43 4 80 34 89 77 85 29 51 53 37 38 24 63 49 12 54 72 48 65 39 43 72 17 95 3 30 74 92 75 21 68 23 77 76 52 26 36 94 51 79 66 34 74 8 58 33 40 23 23 24 0 64 26 40 67 16 88 51 15 13 34 84 41 4 48 54 61 30 16 15 44 89 77 63 
98 32 60 58 72 74 49 50 28 8 17 87 64 26 34 9 48 59 24 12 91 10 43 63 31 80 96 39 15 15 13 36 6 1 43 19 6 74 70 86 30 90 52 74 16 51 50 39 61 89 91 85 34 54 49 5 51 68 65 61 78 13 62 45 78 27 29 18 72 16 39 40 38 71 72 91 70 11 39 21 30 36 29 83 53 8 10 29 96 60 54 7 47 31 8 62 17 65 81 82 
43 47 31 4 39 51 0 31 76 48 65 91 14 39 10 55 38 63 71 35 96 57 7 68 38 39 64 47 45 40 12 39 91 9 23 83 71 5 4 87 88 95 20 61 30 47 81 7 11 40 35 36 33 74 49 0 77 0 1 4 36 55 73 17 91 63 77 99 92 49 61 45 59 42 25 95 78 48 2 53 69 47 66 62 77 29 46 27 83 64 88 21 83 51 0 76 57 99 59 58 
47 72 62 31 85 37 95 74 14 37 13 99 40 82 25 27 82 14 45 69 87 43 88 2 1 43 1 40 3 93 61 10 4 38 7 95 26 20 6 56 10 82 31 91 28 4 99 89 20 30 35 14 50 71 57 0 92 56 69 69 50 48 97 29 11 51 45 27 81 50 99 54 61 97 50 32 32 27 4 94 25 85 18 46 8 69 15 81 42 85 35 51 18 57 85 61 8 21 63 10 
52 15 37 93 80 95 77 97 29 88 53 0 40 94 9 54 29 56 43 98 92 3 12 11 99 4 65 44 18 35 33 63 45 92 17 15 35 71 61 56 95 82 49 81 0 13 96 52 88 33 48 84 34 54 90 99 88 28 71 25 86 51 68 36 33 81 25 78 78 54 68 48 42 62 60 96 94 4 20 89 27 67 34 17 48 57 3 72 51 61 37 36 76 37 27 12 27 41 15 52 
49 51 69 9 54 39 15 17 94 5 92 50 92 76 34 99 2 5 67 15 86 24 22 57 4 98 46 71 77 21 98 95 75 76 53 7 51 78 37 64 27 92 4 13 32 4 71 41 47 97 36 78 66 33 47 84 41 18 73 61 97 92 15 78 2 81 79 10 52 6 78 9 75 18 97 60 67 20 69 71 56 42 16 47 30 87 59 29 77 84 1 94 45 19 33 52 60 96 59 50 
18 4 82 4 4 74 50 2 84 48 8 0 21 19 87 36 24 15 70 52 22 25 37 82 43 21 16 87 38 54 77 27 77 44 94 85 99 93 23 50 45 39 1 22 22 21 71 95 26 0 84 97 37 76 94 70 15 11 89 66 72 66 66 5 29 21 81 36 0 83 89 46 8 30 51 12 23 40 10 3 22 19 2 88 74 50 34 64 95 89 71 25 21 45 69 49 42 92 39 89 
67 23 31 69 6 88 27 94 75 15 51 40 62 4 19 1 1 63 95 9 14 50 42 44 30 86 38 85 51 32 29 61 44 34 77 23 7 98 24 76 52 55 19 18 70 10 23 25 73 74 29 78 75 75 78 55 32 83 42 42 33 10 38 14 98 79 99 52 15 8 30 46 44 11 21 81 40 85 99 30 0 48 62 77 51 71 52 71 9 8 56 49 0 85 79 30 14 59 82 92 
5 85 97 77 60 44 37 5 67 66 94 74 8 24 36 12 18 3 59 22 33 6 68 29 64 6 30 3 64 86 21 15 54 21 38 19 67 17 63 66 82 49 12 23 82 82 3 85 88 26 95 85 62 33 79 41 9 81 29 79 72 43 57 93 42 69 60 45 15 71 40 72 22 17 26 67 21 44 89 2 76 53 81 20 7 12 68 11 22 73 8 16 50 86 41 94 53 69 99 4 
6 85 15 95 59 15 63 4 47 4 72 98 67 51 0 72 63 12 23 58 29 70 61 60 61 49 37 86 7 84 52 98 33 16 53 7 0 75 15 52 34 98 35 40 18 17 96 31 15 40 81 73 52 85 78 98 59 69 85 38 28 39 10 9 4 24 92 49 91 56 71 10 11 67 11 62 51 67 74 71 99 13 85 42 24 86 42 73 46 60 74 48 7 46 61 35 51 44 87 87 
46 70 42 94 90 63 7 63 94 40 37 14 38 86 59 20 44 1 66 7 11 42 67 49 9 40 54 58 54 21 63 26 50 90 4 32 39 41 43 7 13 73 13 34 42 88 7 23 14 12 89 39 33 43 40 38 98 17 96 40 84 2 30 67 23 80 97 71 78 33 83 58 42 17 91 50 5 91 10 3 72 62 79 21 10 98 46 77 10 26 91 27 30 80 75 77 89 91 86 42 
46 45 40 12 51 89 58 34 80 38 23 44 63 49 32 25 88 47 52 64 85 79 8 46 68 86 94 87 76 36 30 18 4 54 33 98 46 57 58 2 99 82 19 26 63 61 41 67 40 7 66 58 98 39 6 73 26 25 63 31 79 14 18 28 32 83 95 42 71 84 68 21 18 46 45 66 56 80 57 16 54 70 13 18 26 31 73 68 20 77 3 72 99 50 1 80 62 22 69 37 
8 54 90 77 81 67 93 42 58 39 61 54 6 31 56 6 17 34 93 71 17 29 46 6 8 60 55 98 46 7 11 75 3 44 55 69 47 16 67 67 24 37 95 14 92 95 75 77 91 21 11 74 75 6 34 60 42 51 88 23 23 47 89 13 14 86 88 78 65 74 52 54 47 55 29 77 27 41 58 91 36 20 34 13 32 11 89 64 13 19 1 41 87 90 48 41 59 71 11 98 
35 97 71 9 87 72 63 37 80 22 74 0 7 14 63 12 49 53 10 77 64 85 21 57 80 59 43 49 31 80 39 78 81 80 0 46 40 86 19 43 7 29 2 28 66 15 92 40 41 79 10 23 80 29 40 28 35 83 10 55 61 84 80 10 7 91 20 3 42 85 91 88 48 0 31 95 43 56 16 83 78 14 75 63 46 50 11 53 4 1 62 81 47 80 75 75 76 76 26 22 
28 86 91 83 31 4 63 54 7 29 84 42 10 53 75 83 15 9 13 83 90 90 89 46 23 20 55 27 33 16 58 42 8 61 65 51 71 59 13 23 58 49 10 2 78 69 22 40 82 90 86 20 86 69 94 66 94 47 48 79 46 38 0 3 88 1 51 70 69 21 38 51 71 53 37 61 10 74 71 22 6 32 2 11 69 31 58 92 4 61 11 20 3 39 49 73 49 63 17 95 
13 85 8 90 55 5 1 37 18 51 58 50 86 67 26 24 69 76 39 74 61 24 27 89 8 94 12 55 74 22 89 66 75 88 2 21 59 24 67 56 70 29 95 74 55 52 50 2 70 43 40 59 49 13 76 41 20 13 42 87 49 11 61 71 51 41 48 90 61 54 93 36 49 39 75 48 53 63 92 11 42 81 10 95 15 39 31 14 21 52 34 68 64 89 16 14 52 97 51 47 
49 32 70 36 64 58 33 54 84 39 38 62 75 45 8 26 16 27 27 95 41 5 96 31 76 37 99 15 80 12 90 67 45 82 11 0 39 97 49 10 95 5 63 16 79 64 6 33 8 68 60 52 1 73 16 10 81 63 52 74 53 21 61 29 75 51 62 56 86 81 83 63 64 48 40 47 16 41 52 90 51 4 23 69 37 99 59 66 79 94 45 11 44 29 0 11 33 16 26 12 
37 6 72 25 9 41 35 16 3 53 43 74 41 39 66 14 76 32 68 31 70 51 10 90 13 51 60 20 17 72 72 60 11 39 32 11 15 84 42 95 75 83 14 61 13 99 40 67 64 63 28 70 25 45 2 96 71 8 1 32 96 40 27 4 46 61 21 67 6 32 85 76 90 92 17 60 69 97 50 28 63 90 73 5 85 45 77 55 20 95 93 19 5 99 47 36 0 87 45 68 
41 33 46 64 86 44 49 73 47 12 70 9 58 49 81 2 30 42 15 52 42 49 58 89 90 18 52 60 50 10 19 26 50 25 75 45 28 78 13 10 24 69 31 74 89 21 8 83 4 53 61 80 42 77 55 78 89 57 19 28 59 29 40 81 31 1 76 57 96 75 29 5 11 95 93 67 43 58 16 42 27 18 86 17 48 32 25 90 87 99 91 13 81 85 10 9 53 48 51 86 
26 54 94 96 26 32 77 81 2 87 55 33 18 68 22 57 67 38 54 29 0 85 68 61 50 89 15 83 20 75 98 66 5 80 15 86 51 52 66 26 92 41 12 50 35 91 30 75 1 26 72 95 80 46 83 77 59 30 51 73 76 49 9 80 75 84 76 7 43 12 72 60 98 63 56 44 68 33 32 62 32 69 87 25 50 39 59 42 16 4 25 20 64 60 2 96 62 11 42 94 
26 0 68 57 24 66 98 71 50 27 47 60 97 78 18 81 72 75 84 54 85 46 53 93 34 88 59 25 47 77 55 13 96 55 53 75 57 41 30 83 13 36 52 92 88 42 97 64 40 59 39 63 82 97 99 26 68 42 23 69 98 73 70 63 49 10 23 16 11 17 21 0 24 10 53 26 81 88 64 39 55 51 99 28 10 76 40 89 87 82 31 3 66 64 16 72 84 88 35 2 
12 66 49 70 92 89 53 86 39 17 44 0 17 2 36 97 90 40 59 16 82 27 82 91 29 53 71 36 42 34 8 4 77 63 77 13 26 6 81 40 80 5 31 45 65 89 51 97 66 20 20 5 15 90 4 77 9 53 22 20 95 19 22 6 74 29 70 9 68 49 28 8 38 35 40 33 77 75 35 70 34 21 68 55 80 2 49 86 87 19 69 46 87 72 18 44 59 55 78 6 
34 33 46 54 38 27 88 24 95 85 44 43 74 91 53 29 15 92 38 28 63 76 89 43 30 45 30 66 8 42 28 85 78 58 83 99 55 51 45 77 36 66 30 24 21 81 78 25 18 40 78 92 89 92 37 3 7 13 61 4 80 61 88 56 18 90 16 37 51 40 54 18 16 55 2 1 33 52 48 70 29 85 45 86 4 10 82 51 40 9 64 74 24 61 11 0 16 43 12 85 
76 41 72 70 59 15 3 82 48 39 89 92 94 92 40 99 65 42 66 73 83 24 29 72 76 98 88 26 30 61 71 8 32 39 98 89 52 31 98 88 27 51 64 51 91 48 90 33 20 81 15 95 28 71 39 78 56 99 91 8 56 9 54 80 5 29 12 95 25 47 17 21 53 3 86 71 2 97 19 78 33 23 29 67 5 89 34 21 72 0 5 24 64 46 80 99 71 9 38 76 
8 62 18 34 92 84 41 44 77 77 48 0 56 71 86 47 13 75 23 75 15 46 57 13 25 17 33 7 60 56 45 85 2 1 21 96 30 93 68 26 41 78 56 53 25 38 80 18 19 80 37 1 70 21 19 46 42 62 90 30 51 49 12 40 74 11 4 57 76 99 8 74 17 84 83 36 31 8 46 64 96 49 36 8 33 81 12 65 28 76 58 11 79 44 32 58 34 65 45 51 
90 82 87 42 35 4 2 97 87 40 97 68 52 82 45 18 60 92 62 5 95 44 69 38 97 7 39 56 56 26 12 24 84 93 4 15 57 33 40 35 89 34 92 48 63 70 79 73 23 29 12 2 59 9 19 19 81 3 15 48 21 47 35 42 58 25 75 14 52 29 93 64 21 31 67 83 13 30 18 92 81 2 11 92 39 40 65 73 22 15 88 83 45 40 44 83 31 13 89 89 
92 69 13 47 87 47 70 89 17 65 3 82 48 31 93 43 25 61 58 38 2 25 24 6 12 4 91 77 76 62 17 26 17 91 85 28 74 33 30 10 96 8 69 61 22 82 97 55 75 19 11 70 19 57 9 64 78 99 26 35 85 55 39 72 3 55 16 3 95 90 82 59 74 79 44 64 88 84 12 24 86 86 99 67 62 80 3 32 2 75 91 17 70 13 80 42 97 13 47 13 
46 49 11 78 79 89 20 11 86 83 0 19 53 95 58 14 35 66 8 24 13 37 61 63 31 68 79 86 16 4 9 84 75 91 76 44 39 38 18 66 7 27 71 66 14 30 84 79 98 62 10 79 8 16 1 33 83 19 48 47 80 96 66 89 86 0 49 33 21 87 17 13 29 8 81 62 39 70 70 74 31 89 68 5 88 34 74 67 36 47 15 5 45 78 38 52 66 31 14 86 
62 52 62 48 18 89 60 36 70 16 3 68 97 10 59 78 60 67 68 85 76 35 21 36 71 98 78 46 25 52 0 73 66 8 88 87 23 42 54 14 17 28 63 3 49 94 62 34 95 20 67 27 84 8 77 52 53 91 65 57 25 37 14 36 45 84 27 90 84 12 51 22 29 20 63 77 59 17 9 81 72 53 20 82 55 65 16 93 24 54 39 23 47 95 72 77 43 3 71 38 
24 51 17 50 53 35 6 0 87 30 72 87 72 13 66 48 43 79 73 35 52 70 69 30 58 53 7 34 76 42 13 89 53 54 30 24 47 35 56 34 41 21 4 88 43 77 41 78 82 97 0 82 9 52 18 44 48 33 21 42 27 41 32 53 69 22 14 67 97 41 78 86 20 27 36 20 41 76 42 41 97 8 25 10 71 31 10 84 91 7 73 1 53 23 72 20 89 94 3 99 
0 0 59 47 78 16 40 52 53 99 60 19 32 40 57 20 49 64 34 13 80 84 88 46 46 40 42 68 81 87 75 7 16 81 47 27 13 3 5 46 9 57 83 10 15 60 79 18 57 67 36 49 63 79 12 75 98 2 41 15 36 88 89 13 13 43 59 13 54 73 94 4 35 55 92 60 30 13 55 38 45 11 59 55 40 18 96 55 8 38 97 3 64 98 14 0 26 3 30 9 
8 90 83 88 32 21 30 67 80 14 58 82 70 92 40 43 99 30 73 46 78 39 3 19 27 17 29 20 29 36 64 39 41 53 93 64 36 38 33 10 54 56 43 52 20 64 45 41 79 21 18 81 10 19 74 98 74 24 26 57 28 75 57 35 35 70 23 90 50 82 70 49 60 34 6 10 90 68 69 93 5 39 87 18 45 46 26 26 41 4 9 92 36 8 34 85 59 26 49 64 
20 87 99 28 62 57 56 58 78 43 65 59 93 0 44 86 27 17 31 38 16 48 59 71 37 14 14 89 69 77 92 77 20 6 43 71 40 69 80 59 14 43 83 16 7 67 34 45 36 84 94 50 75 25 67 43 46 66 9 64 77 86 87 56 67 90 19 54 29 89 10 9 71 52 69 18 67 72 80 52 87 22 46 94 45 6 73 21 21 87 64 40 43 58 78 91 13 9 5 65 
87 46 90 36 53 11 95 74 77 24 82 65 1 95 12 18 75 40 26 47 16 34 82 66 14 72 54 73 77 23 40 12 84 39 73 0 71 48 64 73 64 7 17 73 66 65 79 86 33 83 17 66 28 78 60 39 63 81 49 58 85 85 61 15 85 13 94 29 71 18 68 17 73 8 44 1 42 9 95 11 39 94 54 55 21 20 24 37 42 76 10 34 31 7 94 78 33 15 62 15 
67 34 67 28 68 92 95 0 25 34 4 19 69 77 54 21 26 52 64 22 27 26 58 21 44 20 33 54 34 2 68 14 12 95 45 40 1 62 19 57 46 2 79 23 14 77 76 3 85 53 28 36 78 39 31 72 92 48 62 9 38 37 44 50 94 30 83 39 43 31 39 58 75 65 51 80 55 10 28 43 0 27 94 5 78 94 8 5 79 9 27 96 54 25 70 79 73 54 57 92 
19 82 55 54 82 0 48 0 28 99 95 12 16 71 68 40 60 84 13 5 77 5 38 48 74 78 3 58 8 8 33 14 74 76 52 97 8 75 27 5 17 13 72 46 81 37 17 61 12 68 83 53 29 0 67 11 78 47 10 1 64 24 13 71 70 13 84 98 33 49 71 37 30 56 99 17 75 69 70 7 74 19 33 99 48 15 40 19 66 93 39 65 78 89 20 42 23 32 26 43 
36 35 92 82 58 7 28 57 85 97 82 36 74 12 87 57 50 93 55 15 57 15 47 35 52 83 11 91 7 81 23 11 35 8 99 47 83 54 24 70 1 52 5 51 24 0 18 5 87 4 31 63 24 22 69 94 26 44 65 94 8 18 1 47 52 97 59 15 35 58 62 20 81 44 19 4 91 43 73 25 83 69 17 38 59 93 21 21 46 29 94 15 40 68 67 97 8 21 68 24 
67 87 95 7 54 13 33 63 28 72 80 59 93 42 24 70 42 17 28 70 90 93 70 94 29 70 1 70 99 61 50 57 51 84 53 63 84 25 82 13 75 59 76 85 14 27 56 66 69 26 93 84 75 42 26 92 92 34 32 42 20 17 94 82 78 66 14 16 74 97 63 20 24 22 12 10 46 87 50 50 27 55 32 78 89 8 89 15 64 76 99 58 5 48 11 47 62 21 98 31 
94 8 34 33 86 78 16 10 21 79 96 30 54 80 37 62 20 16 84 52 3 89 19 56 56 39 14 16 65 48 4 66 86 59 49 17 63 58 92 93 11 47 89 94 40 87 81 83 28 78 93 12 15 5 18 41 46 61 70 38 72 19 76 51 95 77 92 82 5 64 61 95 55 58 10 15 30 1 79 81 76 65 30 77 97 63 38 90 19 47 11 39 55 11 34 76 33 76 69 94 
17 72 82 24 35 8 73 43 55 21 60 0 62 6 3 89 65 12 31 2 51 84 65 32 37 12 14 35 20 64 54 95 91 67 64 48 61 47 85 51 33 53 95 81 88 84 78 98 51 35 59 16 93 85 21 77 64 81 61 83 39 38 47 47 70 5 58 71 50 80 82 56 34 45 36 30 27 12 53 6 10 97 96 34 63 85 94 51 30 19 63 43 51 54 38 24 56 85 28 93 
89 42 61 24 47 50 43 84 86 21 87 27 84 33 61 23 47 14 28 44 20 1 22 37 12 55 21 52 95 80 82 51 36 18 81 73 84 64 25 51 11 68 33 31 67 84 51 51 6 53 32 66 38 8 16 20 22 46 43 38 60 69 5 43 17 91 26 65 73 22 65 32 16 69 38 65 40 34 77 81 68 12 69 3 39 63 4 44 45 86 85 70 75 5 96 67 94 95 81 18 
66 1 27 97 18 63 78 25 3 74 55 15 28 55 71 29 33 95 87 61 85 92 86 88 84 15 31 53 65 58 21 58 30 16 20 48 5 11 58 23 75 1 53 48 56 5 27 99 50 44 80 55 45 71 14 44 82 36 31 67 34 33 50 67 54 60 63 83 69 32 8 23 98 86 80 77 54 75 88 81 71 85 7 10 70 24 98 42 55 44 27 67 7 28 0 36 50 96 84 4 
1 39 59 1 30 78 91 28 63 5 2 26 32 3 36 74 4 71 96 34 69 18 95 19 58 42 32 45 10 97 96 42 35 31 96 17 84 92 51 62 27 86 77 4 89 25 52 95 63 59 94 52 49 82 92 46 33 64 70 50 18 75 50 60 33 69 37 11 28 93 71 39 25 70 82 98 18 84 46 86 30 93 8 48 38 69 16 8 78 41 60 59 41 85 78 88 36 32 93 44 
46 12 39 20 75 2 80 72 10 19 22 93 95 32 77 55 30 83 14 28 14 46 84 96 69 51 24 21 80 61 4 54 77 59 23 91 95 14 0 43 18 79 29 62 48 61 73 83 75 36 7 0 92 7 13 1 8 11 9 87 77 88 3 62 46 15 68 77 42 29 93 73 6 52 94 67 50 91 60 65 75 78 29 43 74 7 83 26 87 38 0 78 70 64 21 41 1 70 65 35 
8 96 75 7 30 65 57 86 33 19 99 14 52 40 59 13 50 26 23 12 85 83 74 86 76 2 46 9 70 88 46 84 21 18 22 41 98 22 67 25 97 37 45 88 78 84 90 99 85 61 24 41 72 0 54 71 15 5 67 4 73 72 91 11 48 92 7 52 69 0 51 62 77 92 78 1 19 54 52 83 47 40 71 50 34 53 72 54 75 98 95 9 82 67 61 34 23 38 29 98 
24 83 17 32 82 20 79 76 86 32 64 86 72 74 10 56 76 15 76 57 80 64 70 23 52 93 56 40 84 99 16 88 31 94 50 42 89 87 50 21 14 71 47 24 99 4 51 89 62 30 55 69 25 12 33 32 28 41 22 77 8 8 57 15 74 2 77 30 7 42 62 27 92 38 39 82 6 94 98 35 68 49 76 43 76 38 11 31 42 43 53 61 2 92 35 82 29 43 74 63 
23 64 40 0 24 98 87 6 71 27 81 56 62 33 87 65 31 65 32 36 78 76 84 39 52 63 98 12 19 64 25 13 56 19 10 63 74 34 83 46 11 83 94 98 63 49 13 53 31 6 48 75 4 20 32 94 4 31 51 75 94 85 95 12 93 31 23 84 85 60 32 12 10 63 56 24 44 70 89 57 48 96 12 60 79 62 56 3 16 90 96 26 48 3 91 60 27 49 24 83 
26 36 49 86 91 59 52 10 97 43 63 59 25 96 63 51 76 67 92 11 10 28 64 65 38 50 34 57 54 13 56 96 50 95 94 43 80 86 25 84 34 93 60 9 12 57 10 92 95 34 24 30 79 90 12 44 32 37 55 0 38 18 19 8 94 45 39 94 71 85 47 54 87 16 51 53 55 88 83 75 84 44 81 68 18 12 26 63 25 13 30 51 83 84 45 49 21 97 1 49 
97 19 50 12 7 79 16 6 43 88 81 41 11 81 98 2 65 17 53 38 27 2 79 75 56 25 27 36 74 8 8 47 58 77 31 62 0 26 52 76 32 46 21 44 99 0 63 70 18 89 38 65 36 66 35 65 34 7 52 1 52 5 30 64 58 3 13 64 24 79 25 43 13 42 93 25 58 69 1 14 86 70 15 60 37 80 9 47 29 54 32 57 40 25 21 4 72 32 81 86 
56 91 90 83 52 15 72 73 82 62 87 4 9 89 19 83 34 54 89 15 21 51 80 98 46 44 76 7 77 24 46 48 59 33 72 72 11 58 66 54 52 88 5 46 35 5 7 14 50 41 76 27 26 5 67 2 58 45 67 41 54 32 48 23 19 75 77 82 27 90 12 90 35 6 52 42 11 92 69 46 99 0 81 41 31 45 57 32 56 20 15 10 52 60 59 93 6 97 88 89 
72 88 73 16 57 73 35 94 22 54 88 21 7 68 92 44 62 95 79 59 3 34 15 83 26 75 8 91 9 88 69 98 54 19 73 79 88 28 6 5 93 20 8 33 27 84 13 60 9 98 56 45 53 59 76 58 99 98 86 2 40 76 93 11 84 72 32 49 89 13 30 7 10 6 2 20 95 97 21 9 37 91 4 61 72 74 16 4 30 9 81 56 95 64 11 33 11 63 31 37 
76 8 81 0 37 87 37 72 66 62 7 42 77 1 67 99 21 0 1 86 48 78 74 35 22 93 19 69 51 31 13 43 49 74 14 80 40 28 41 95 86 44 8 13 67 77 54 95 7 32 75 66 53 32 40 34 92 14 26 17 60 37 51 79 28 7 58 79 17 52 7 43 13 47 3 73 45 95 0 37 64 3 20 10 13 57 51 33 26 52 83 79 62 68 40 5 84 78 59 25 
6 40 49 19 0 46 84 39 20 86 34 61 38 89 74 44 36 94 7 59 68 70 90 54 17 1 8 33 46 68 36 82 81 27 86 7 15 30 19 57 4 38 79 19 2 73 45 30 93 74 1 54 46 9 20 5 20 71 11 23 95 97 89 74 86 42 87 11 46 54 93 44 45 0 55 11 76 12 19 63 33 90 88 13 8 13 96 66 72 35 66 15 92 55 63 29 99 5 58 11 
1 87 97 12 63 40 42 21 72 69 66 67 68 53 53 40 57 69 46 64 45 44 84 70 60 81 13 72 7 23 30 75 75 0 68 42 77 21 85 13 50 17 61 65 86 36 7 95 47 5 51 95 75 4 70 58 38 13 72 93 25 97 28 15 85 10 88 76 12 60 51 4 25 99 97 83 71 34 22 82 20 55 29 87 42 76 26 68 49 36 50 50 10 50 38 31 95 4 51 92 
64 33 40 88 2 68 37 76 50 64 34 58 69 60 83 32 21 50 82 73 6 69 41 29 90 63 11 67 97 12 65 0 61 38 45 79 33 51 97 0 49 6 4 89 41 39 86 90 98 38 94 91 41 12 45 88 93 75 88 52 95 67 76 74 7 2 21 35 62 49 65 8 98 23 59 96 6 78 32 49 23 7 80 92 6 35 72 9 50 15 75 28 16 15 82 20 1 35 16 70 
49 2 78 18 66 8 47 84 50 41 84 69 84 50 22 27 4 16 84 14 62 35 39 88 77 40 54 12 21 78 75 75 41 25 15 15 21 76 53 31 78 69 90 38 7 51 27 63 93 7 80 86 38 46 40 9 42 33 77 57 41 90 37 89 7 75 1 51 2 32 16 75 86 70 7 77 55 17 32 82 19 33 9 9 15 80 35 13 31 91 14 55 42 28 2 6 35 47 38 43 
55 71 40 94 86 31 2 72 55 12 0 83 43 62 62 99 40 98 7 74 52 22 5 46 71 31 67 97 97 78 76 37 58 82 90 54 78 45 88 77 12 25 59 46 84 33 43 4 60 48 68 47 97 5 3 62 50 68 18 50 53 11 7 83 92 41 93 33 81 79 23 74 62 36 30 67 12 94 32 4 58 1 26 67 45 60 70 39 33 30 46 69 19 67 65 91 12 83 1 61 
0 6 77 17 13 48 91 58 49 3 58 11 23 90 82 92 61 48 16 77 14 66 24 74 26 70 36 11 72 33 31 49 63 9 97 52 8 54 25 79 41 17 24 37 11 67 68 53 33 73 61 8 86 48 98 33 27 51 11 50 31 74 62 57 46 41 44 29 61 5 33 74 14 11 47 26 50 43 38 2 97 74 36 28 16 39 35 62 62 86 31 51 84 79 30 93 17 2 85 95 
54 10 17 99 53 27 85 54 68 86 14 7 12 36 49 70 39 60 99 98 91 21 43 60 28 11 3 81 91 91 36 30 8 1 4 98 93 13 81 98 32 89 43 16 92 82 56 28 58 54 83 19 25 77 11 16 99 59 10 29 10 20 58 78 79 1 50 60 24 98 48 28 48 4 2 61 99 77 22 95 15 90 74 90 30 17 72 59 68 34 6 25 28 75 22 50 26 90 40 23 
52 46 84 54 50 2 93 54 18 25 90 36 88 27 53 60 92 43 77 29 9 73 44 41 26 45 44 57 47 5 53 9 74 28 60 46 51 48 82 91 21 5 16 5 89 14 62 55 48 63 90 62 32 68 2 98 99 33 52 40 4 10 29 52 6 61 96 42 94 97 97 53 63 70 1 96 72 59 7 89 58 30 83 98 18 2 55 30 1 9 51 72 2 20 5 74 48 28 20 12 
97 62 25 62 58 79 56 0 56 25 56 52 97 68 9 5 19 84 4 22 98 21 60 29 45 48 76 41 55 62 73 58 42 79 14 31 68 1 69 4 28 32 99 22 67 40 31 52 19 77 15 43 51 90 39 47 41 26 66 39 1 94 43 15 54 7 44 85 42 43 77 66 53 29 94 90 82 86 89 5 42 38 11 7 0 44 29 67 1 77 32 99 80 69 24 83 89 31 88 63 
52 54 22 5 23 16 92 64 47 88 72 97 15 46 12 48 77 18 49 91 43 49 17 1 41 3 94 94 75 26 45 88 86 21 67 41 74 53 70 63 54 96 43 61 99 38 67 44 98 57 28 20 13 15 1 45 48 19 4 80 44 24 11 66 87 77 9 58 5 90 3 29 79 6 78 27 62 42 18 61 98 76 40 91 36 71 84 75 56 50 55 69 95 47 42 84 52 26 98 76 
